0.000,-15.5,-3.6,0.1,0.16,0.8,0.068,-0.241,-0.947,127,127,127,127,128,126,6.5
0.200,-15.6,-3.6,0.1,0.16,0.9,0.071,-0.236,-0.948,127,127,127,127,128,126,7.2
0.400,-15.9,-3.7,0.1,0.19,-0.4,0.064,-0.236,-0.948,127,127,127,127,128,126,7.4
0.600,-16.4,-3.8,0.2,0.22,0.4,0.081,-0.236,-0.947,127,127,127,127,130,124,7.4
0.800,-17.7,-3.9,0.2,0.16,-0.9,0.075,-0.252,-0.944,127,127,127,127,130,124,7.4
1.000,-19.4,-3.7,0.0,0.23,-0.2,0.071,-0.282,-0.935,127,127,127,127,127,127,7.4
1.200,-23.0,-3.7,-0.1,0.29,-0.7,0.076,-0.328,-0.920,127,127,127,127,126,128,7.6
1.400,-25.7,-3.7,-0.4,0.22,-0.8,0.072,-0.391,-0.895,127,127,127,127,122,132,7.5
1.600,-21.8,-4.0,-0.3,0.31,0.7,0.063,-0.317,-0.924,127,127,127,127,123,131,7.4
1.800,-22.3,-4.9,0.0,0.25,-1.0,0.139,-0.242,-0.939,127,127,127,127,127,127,7.5
2.000,-20.0,-7.8,1.5,0.27,-0.9,0.163,-0.485,-0.835,127,127,127,127,146,108,7.3
2.200,-21.3,-9.3,8.9,0.34,-0.8,0.229,-0.148,-0.941,127,127,127,127,240,14,7.1
2.400,-18.4,-8.6,12.1,0.34,-1.7,0.125,-0.396,-0.887,127,127,127,127,254,0,7.1
2.600,-17.3,-6.2,15.8,0.55,-1.4,0.156,-0.328,-0.909,127,127,127,127,254,0,7.3
2.800,-16.7,-2.7,20.7,0.64,-2.0,0.179,-0.014,-0.963,127,127,127,127,254,0,7.5
3.000,-14.8,-2.1,23.2,0.67,-1.7,0.061,-0.365,-0.907,127,127,127,127,254,0,7.5
3.200,-11.3,-1.6,28.2,0.83,-1.0,0.111,-0.027,-0.973,127,127,127,127,254,0,7.5
3.400,-6.5,-0.2,33.2,0.83,-1.3,0.072,0.090,-0.973,127,127,127,127,254,0,7.5
3.600,-3.3,0.2,40.0,0.98,-0.4,0.103,-0.001,-0.974,127,127,127,127,254,0,7.5
3.800,-3.6,1.6,48.8,1.00,-1.3,0.141,0.110,-0.963,127,127,127,127,254,0,7.5
4.000,-4.1,0.3,53.9,1.04,-0.1,0.088,-0.067,-0.973,127,127,127,127,254,0,7.5
4.200,-5.7,0.1,58.0,0.92,-1.7,0.036,-0.002,-0.979,127,127,127,127,254,0,7.5
4.400,-5.8,-1.0,60.2,1.09,0.1,0.038,0.012,-0.979,127,127,127,127,254,0,7.5
4.600,-8.7,-0.4,63.8,1.17,-0.5,0.116,0.072,-0.970,127,127,127,127,254,0,7.5
4.800,-5.6,0.9,63.9,0.99,-2.2,0.107,-0.017,-0.973,127,127,127,127,254,0,7.5
5.000,-5.2,3.4,63.4,1.18,-1.1,0.015,-0.068,-0.977,127,127,127,127,254,0,7.5
5.200,-5.9,5.4,63.1,1.24,-1.6,0.030,0.115,-0.972,127,127,127,127,254,0,7.5
5.400,-4.1,8.4,60.8,1.49,-0.5,-0.043,-0.060,-0.977,127,127,127,127,254,0,7.5
5.600,-4.8,6.4,58.7,1.36,-0.9,-0.055,-0.013,-0.978,127,127,127,127,254,0,7.5
5.800,-4.9,5.3,56.1,1.38,-0.8,0.004,-0.055,-0.978,127,127,127,127,254,0,7.5
6.000,-5.1,5.0,56.8,1.36,-0.7,0.009,0.299,-0.933,127,127,127,127,254,0,7.5
6.200,-8.0,4.8,56.3,1.36,-0.5,-0.004,-0.121,-0.972,127,127,127,127,254,0,7.5
6.400,-9.1,4.1,57.4,1.41,1.1,0.020,-0.053,-0.978,127,127,127,127,254,0,7.5
6.600,-8.5,1.7,58.3,1.42,0.8,0.056,-0.093,-0.973,127,127,127,127,254,0,7.5
6.800,-9.4,-0.5,59.3,1.28,-0.7,0.059,0.009,-0.978,127,127,127,127,254,0,7.5
7.000,-9.9,-1.4,60.3,1.27,-1.5,0.080,-0.032,-0.976,127,127,127,127,254,0,7.5
7.200,-9.3,-0.2,60.2,1.28,-1.1,0.050,-0.060,-0.976,127,127,127,127,254,0,7.5
7.400,-9.0,0.8,60.6,1.38,-1.1,0.047,-0.009,-0.978,127,127,127,127,254,0,7.5
7.600,-7.2,3.3,59.5,1.47,-1.4,0.060,-0.055,-0.976,127,127,127,127,254,0,7.5
7.800,-4.3,5.0,58.9,1.55,-0.8,0.016,0.080,-0.976,127,127,127,127,254,0,7.5
8.000,-3.7,5.4,58.9,1.62,0.9,-0.035,0.057,-0.977,127,127,127,127,254,0,7.5
8.200,-4.6,4.3,59.4,1.59,-0.3,0.023,0.060,-0.977,127,127,127,127,254,0,7.5
8.400,-6.8,3.9,60.3,1.65,1.0,-0.034,0.005,-0.979,127,127,127,127,254,0,7.5
8.600,-11.9,0.9,62.6,1.60,1.4,0.015,-0.067,-0.977,127,127,127,127,254,0,7.5
8.800,-16.5,-0.2,64.6,1.55,1.0,0.092,-0.085,-0.971,127,127,127,127,254,0,7.5
9.000,-19.3,-3.0,65.8,1.42,0.9,0.117,0.050,-0.971,127,127,127,127,254,0,7.5
9.200,-20.4,-0.9,65.9,1.46,0.7,0.028,-0.185,-0.961,127,127,127,127,254,0,7.5
9.400,-19.8,0.7,68.2,1.47,1.2,0.046,-0.159,-0.965,127,127,127,127,254,0,7.5
9.600,-19.3,0.0,68.6,1.36,0.7,0.098,-0.158,-0.961,127,127,127,127,254,0,7.5
9.800,-19.8,0.3,69.4,1.35,1.0,0.080,-0.247,-0.944,127,127,127,127,254,0,7.5
10.000,-22.7,-0.8,71.1,1.22,-0.8,0.091,-0.221,-0.950,127,127,127,127,254,0,7.5
10.200,-24.6,-0.1,71.2,1.24,-0.6,0.156,-0.249,-0.934,127,127,127,127,254,0,7.3
10.400,-26.2,-1.7,71.8,1.15,-0.8,0.105,-0.251,-0.941,127,127,127,127,254,0,7.4
10.600,-27.2,-0.8,73.1,1.21,-1.2,0.162,-0.223,-0.940,127,127,127,127,254,0,7.5
10.800,-27.8,-0.2,74.1,1.38,-1.2,0.133,-0.187,-0.952,127,127,127,127,254,0,7.5
11.000,-27.4,2.1,73.7,1.70,0.4,0.031,-0.480,-0.853,127,127,127,127,254,0,7.5
11.200,-25.4,0.8,73.0,1.68,-0.6,0.047,-0.203,-0.957,127,127,127,127,254,0,7.5
11.400,-23.3,-0.7,70.7,1.66,-0.8,0.137,-0.181,-0.953,127,127,127,127,254,0,7.5
11.600,-22.2,0.2,69.0,1.76,1.3,0.011,-0.417,-0.886,127,127,127,127,254,0,7.5
11.800,-20.7,0.6,68.9,1.71,-0.5,-0.060,-0.086,-0.974,127,127,127,127,254,0,7.5
12.000,-19.1,1.1,68.6,1.79,-0.7,0.046,-0.014,-0.978,127,127,127,127,254,0,7.5
12.200,-17.1,0.0,66.6,1.71,-1.0,0.061,-0.101,-0.972,127,127,127,127,254,0,7.5
12.400,-16.9,-0.7,59.6,1.83,0.8,0.087,0.035,-0.975,127,127,127,127,254,0,7.5
12.600,-18.4,-6.8,49.4,1.84,0.3,0.167,-0.138,-0.955,127,127,127,127,254,0,7.5
12.800,-20.3,-10.2,42.8,1.74,-0.6,0.126,-0.296,-0.925,127,127,127,127,254,0,7.5
13.000,-20.3,-6.9,46.6,1.73,-1.2,0.115,-0.150,-0.961,127,127,127,127,254,0,7.5
13.200,-17.2,-3.2,50.1,1.89,0.9,0.063,-0.120,-0.970,127,127,127,127,254,0,7.5
13.400,-12.3,-5.0,53.2,1.80,0.2,0.047,-0.102,-0.973,127,127,127,127,254,0,7.5
13.600,-10.1,-2.6,64.0,1.85,-0.8,0.156,-0.048,-0.966,127,127,127,127,254,0,7.5
13.800,-8.7,2.6,81.3,1.88,-0.8,0.065,0.352,-0.912,127,127,127,127,254,0,7.5
14.000,-9.3,3.2,89.3,1.91,0.6,0.148,0.079,-0.965,127,127,127,127,254,0,7.5
14.200,-8.7,3.6,91.4,1.88,-1.2,0.196,0.300,-0.911,127,127,127,127,254,0,7.5
14.400,-12.7,0.7,85.9,1.93,0.9,0.155,0.076,-0.964,127,127,127,127,254,0,7.5
14.600,-17.4,-2.2,80.0,1.92,-0.5,0.194,-0.046,-0.959,127,127,127,127,254,0,7.5
14.800,-20.2,-4.3,75.0,2.00,1.1,0.176,-0.073,-0.961,127,127,127,127,254,0,7.5
15.000,-21.8,-6.5,69.6,1.96,-0.5,0.252,-0.165,-0.932,127,127,127,127,254,0,7.5
15.200,-21.6,-6.5,69.4,2.04,0.8,0.204,-0.024,-0.958,127,127,127,127,254,0,7.5
15.400,-17.6,-5.8,68.9,1.97,-1.0,0.147,-0.138,-0.958,127,127,127,127,254,0,7.5
15.600,-11.6,-6.5,69.5,2.06,-0.2,0.134,0.119,-0.963,127,127,127,127,254,0,7.5
15.800,-8.6,-7.2,69.7,2.07,-0.3,0.123,0.134,-0.962,127,127,127,127,254,0,7.5
16.000,-7.1,-6.5,70.4,2.05,-0.9,0.149,0.169,-0.953,127,127,127,127,254,0,7.5
16.200,-8.8,-6.4,71.5,2.03,-1.1,0.195,0.116,-0.953,127,127,127,127,254,0,7.5
16.400,-12.3,-5.6,72.9,2.17,0.9,0.172,0.170,-0.949,127,127,127,127,254,0,7.5
16.600,-14.3,-5.5,72.7,2.15,0.4,0.169,0.003,-0.965,127,127,127,127,254,0,7.5
16.800,-15.7,-5.1,73.8,2.19,-0.5,0.159,0.057,-0.965,127,127,127,127,254,0,7.5
17.000,-16.1,-5.5,74.0,2.13,-1.0,0.193,-0.022,-0.960,127,127,127,127,254,0,7.3
17.200,-16.2,-5.8,74.8,2.14,-1.1,0.173,0.051,-0.963,127,127,127,127,254,0,7.3
17.400,-16.0,-6.7,74.7,2.17,-0.8,0.220,0.043,-0.953,127,127,127,127,254,0,7.2
17.600,-15.0,-6.7,74.1,2.18,-0.8,0.177,0.041,-0.962,127,127,127,127,254,0,7.1
17.800,-14.5,-7.2,74.1,2.17,-0.7,0.184,0.059,-0.960,127,127,127,127,254,0,7.0
18.000,-14.0,-7.5,74.2,2.20,-0.9,0.221,0.098,-0.949,127,127,127,127,254,0,7.3
18.200,-14.2,-8.7,75.0,2.23,-0.9,0.230,0.038,-0.951,127,127,127,127,254,0,7.5
18.400,-13.8,-8.7,75.5,2.23,-1.2,0.225,0.110,-0.947,127,127,127,127,254,0,7.5
18.600,-13.4,-10.2,75.9,2.24,-0.6,0.256,0.078,-0.942,127,127,127,127,254,0,7.5
18.800,-12.7,-10.4,75.8,2.23,-1.1,0.283,0.147,-0.926,127,127,127,127,254,0,7.5
19.000,-12.9,-10.1,75.9,2.28,-1.3,0.278,0.159,-0.926,127,127,127,127,254,0,7.5
19.200,-13.2,-10.5,76.0,2.28,-1.5,0.266,0.115,-0.935,127,127,127,127,254,0,7.5
19.400,-13.8,-10.6,76.6,2.31,-1.2,0.255,0.187,-0.927,127,127,127,127,254,0,7.5
19.600,-14.0,-10.6,76.7,2.35,-1.0,0.257,0.153,-0.933,127,127,127,127,254,0,7.5
19.800,-15.5,-11.5,77.3,2.36,-0.9,0.286,0.049,-0.936,127,127,127,127,254,0,7.3
20.000,-15.2,-11.6,77.5,2.38,-0.7,0.306,0.133,-0.921,127,127,127,127,254,0,7.5
20.200,-14.4,-12.3,77.0,2.40,0.2,0.274,0.120,-0.933,127,127,127,127,254,0,7.5
20.400,-13.8,-13.0,77.2,2.36,-0.9,0.270,0.094,-0.937,127,127,127,127,254,0,7.5
20.600,-13.4,-12.1,77.1,2.37,-1.1,0.254,0.141,-0.935,127,127,127,127,254,0,7.5
20.800,-13.8,-11.6,77.1,2.46,0.6,0.215,0.300,-0.907,127,127,127,127,254,0,7.5
21.000,-14.5,-11.7,77.0,2.50,0.7,0.257,0.109,-0.939,127,127,127,127,254,0,7.5
21.200,-15.3,-11.4,77.7,2.51,0.5,0.248,0.224,-0.921,127,127,127,127,254,0,7.5
21.400,-15.2,-11.5,77.5,2.56,-0.7,0.292,0.131,-0.926,127,127,127,127,254,0,7.5
21.600,-15.4,-11.2,77.5,2.58,0.5,0.268,0.137,-0.932,127,127,127,127,254,0,7.5
21.800,-15.4,-10.1,77.1,2.60,0.5,0.238,0.103,-0.944,127,127,127,127,254,0,7.5
22.000,-17.1,-10.0,77.4,2.68,1.9,0.208,0.143,-0.946,127,127,127,127,254,0,7.5
22.200,-18.8,-9.6,77.1,2.96,3.0,0.226,0.069,-0.951,127,127,127,127,254,0,7.5
22.400,-18.8,-10.9,78.0,2.93,2.1,0.284,0.116,-0.930,127,127,127,127,254,0,7.5
22.600,-16.8,-13.3,77.7,2.67,0.8,0.273,0.147,-0.929,127,127,127,127,254,0,7.5
22.800,-16.0,-12.4,78.5,2.72,0.6,0.283,0.193,-0.917,127,127,127,127,254,0,7.5
23.000,-14.3,-13.5,79.4,2.77,1.0,0.309,0.207,-0.906,127,127,127,127,254,0,7.5
23.200,-13.7,-13.2,80.0,2.76,1.4,0.305,0.073,-0.928,127,127,127,127,254,0,7.5
23.400,-14.6,-13.1,80.7,2.79,1.4,0.292,0.227,-0.907,127,127,127,127,254,0,7.3
23.600,-16.0,-13.0,80.8,2.80,1.0,0.317,0.113,-0.920,127,127,127,127,254,0,7.3
23.800,-16.8,-12.7,80.9,2.90,-0.6,0.285,0.164,-0.923,127,127,127,127,254,0,7.2
24.000,-17.6,-12.3,81.6,3.02,-1.2,0.249,0.264,-0.910,127,127,127,127,254,0,7.3
24.200,-17.1,-12.1,81.4,2.95,0.6,0.309,0.210,-0.905,127,127,127,127,254,0,7.3
24.400,-17.3,-12.2,81.5,2.78,-1.2,0.274,0.161,-0.926,127,127,127,127,254,0,7.4
24.600,-17.5,-13.2,81.7,2.86,-1.1,0.363,0.209,-0.885,127,127,127,127,254,0,7.5
24.800,-17.7,-16.1,83.2,2.81,-1.2,0.263,0.280,-0.901,127,127,127,127,254,0,7.3
25.000,-17.4,-16.2,83.6,2.90,-0.5,0.377,0.195,-0.883,127,127,127,127,254,0,7.0
25.200,-17.4,-16.6,83.0,2.90,-0.4,0.394,0.159,-0.882,127,127,127,127,254,0,7.3
25.400,-18.0,-16.2,82.2,2.93,0.4,0.385,0.164,-0.885,127,127,127,127,254,0,7.2
25.600,-20.3,-15.6,81.7,2.95,-0.7,0.284,0.134,-0.928,127,127,127,127,254,0,7.4
25.800,-23.4,-15.5,81.4,2.99,-0.9,0.290,-0.001,-0.935,127,127,127,127,254,0,7.4
26.000,-25.3,-13.8,81.3,2.91,-1.8,0.309,0.021,-0.929,127,127,127,127,254,0,7.4
26.200,-27.2,-10.9,81.4,3.15,-0.9,0.240,0.100,-0.944,127,127,127,127,254,0,7.5
26.400,-28.2,-10.3,81.9,3.09,-1.2,0.230,0.339,-0.889,127,127,127,127,254,0,7.5
26.600,-27.7,-9.0,77.4,3.16,-1.7,0.195,0.165,-0.946,127,127,127,127,254,0,7.5
26.800,-27.7,-9.9,74.5,3.20,-1.5,0.152,-0.044,-0.967,127,127,127,127,254,0,7.5
27.000,-26.8,-8.6,73.0,3.38,1.3,0.145,-0.021,-0.968,127,127,127,127,254,0,7.5
27.200,-27.1,-7.4,71.2,3.21,-1.4,0.119,0.058,-0.970,127,127,127,127,254,0,7.5
27.400,-28.0,-5.4,69.3,3.35,-1.0,0.036,0.024,-0.979,127,127,127,127,254,0,7.5
27.600,-28.3,-3.6,68.0,3.35,-1.3,0.016,0.052,-0.978,127,127,127,127,254,0,7.5
27.800,-28.2,-2.5,67.1,3.39,-1.3,0.006,0.065,-0.977,127,127,127,127,254,0,7.5
28.000,-28.3,-1.7,65.6,3.47,-1.1,-0.057,0.024,-0.978,127,127,127,127,254,0,7.5
28.200,-28.2,-0.8,64.4,3.61,0.1,-0.065,0.015,-0.977,127,127,127,127,254,0,7.3
28.400,-27.7,-1.2,64.6,3.68,0.9,-0.076,0.033,-0.976,127,127,127,127,254,0,7.5
28.600,-29.0,-3.2,66.1,3.58,-0.9,0.009,0.038,-0.979,127,127,127,127,254,0,7.5
28.800,-29.7,-3.7,67.9,3.55,-1.0,0.025,0.054,-0.978,127,127,127,127,254,0,7.5
29.000,-31.4,-5.6,69.8,3.54,0.2,0.084,-0.036,-0.975,127,127,127,127,254,0,7.5
29.200,-33.7,-7.1,72.5,3.40,-1.3,0.085,0.003,-0.976,127,127,127,127,254,0,7.5
29.400,-37.0,-7.7,75.1,3.31,-1.6,0.146,-0.056,-0.967,127,127,127,127,254,0,7.5
29.600,-40.3,-7.3,75.9,3.29,-1.5,0.140,-0.132,-0.960,127,127,127,127,254,0,7.5
29.800,-43.4,-6.5,76.1,3.38,-0.7,0.114,-0.189,-0.954,127,127,127,127,254,0,7.5
30.000,-45.6,-5.2,75.9,3.35,-0.6,0.101,-0.250,-0.942,127,127,127,127,254,0,7.5
30.200,-44.7,-4.5,77.0,3.25,-0.7,0.106,-0.202,-0.953,127,127,127,127,254,0,7.5
30.400,-43.5,-4.1,77.6,3.21,-1.3,0.121,-0.155,-0.959,127,127,127,127,254,0,7.5
30.600,-44.0,-3.7,77.6,3.26,-1.4,0.118,-0.174,-0.956,127,127,127,127,254,0,7.5
30.800,-45.8,-5.0,77.9,3.20,-1.6,0.166,-0.207,-0.943,127,127,127,127,254,0,7.5
31.000,-46.7,-5.0,78.0,3.29,-1.5,0.212,-0.202,-0.934,127,127,127,127,254,0,7.5
31.200,-45.9,-3.8,78.6,3.39,-0.6,0.251,-0.078,-0.943,127,127,127,127,254,0,7.5
31.400,-42.1,-3.1,79.6,3.42,-1.0,0.236,-0.118,-0.943,127,127,127,127,254,0,7.5
31.600,-38.6,-3.7,79.8,3.51,-1.9,0.184,-0.099,-0.957,127,127,127,127,254,0,7.5
31.800,-37.9,-4.3,77.2,3.57,-1.5,0.023,-0.198,-0.959,127,127,127,127,254,0,7.5
32.000,-38.0,-4.2,76.3,3.57,-1.3,-0.047,-0.283,-0.936,127,127,127,127,254,0,7.5
32.200,-37.8,-5.0,77.5,3.60,-0.9,0.178,-0.032,-0.963,127,127,127,127,254,0,7.5
32.400,-38.4,-4.6,76.7,3.48,-2.1,0.109,-0.057,-0.972,127,127,127,127,254,0,7.5
32.600,-39.0,-4.6,75.7,3.68,-1.1,0.099,-0.054,-0.973,127,127,127,127,254,0,7.5
32.800,-39.5,-4.5,75.7,3.76,-0.9,0.137,0.053,-0.968,127,127,127,127,254,0,7.5
33.000,-38.9,-5.7,74.9,3.79,-0.2,-0.025,-0.060,-0.977,127,127,127,127,254,0,7.5
33.200,-39.3,-6.5,73.4,3.77,-1.3,0.041,-0.038,-0.978,127,127,127,127,254,0,7.5
33.400,-38.5,-5.6,69.8,3.93,0.5,-0.129,-0.086,-0.967,127,127,127,127,254,0,7.5
33.600,-38.0,-7.2,68.6,3.94,-0.4,0.062,-0.062,-0.976,127,127,127,127,254,0,7.5
33.800,-38.5,-7.9,69.8,3.90,0.1,0.007,-0.042,-0.979,127,127,127,127,254,0,7.5
34.000,-38.5,-7.4,69.9,3.84,-1.6,0.107,0.002,-0.974,127,127,127,127,254,0,7.5
34.200,-39.5,-6.5,70.8,3.94,-0.2,0.106,0.039,-0.973,127,127,127,127,254,0,7.5
34.400,-39.9,-6.7,70.5,3.87,-1.1,0.070,0.046,-0.976,127,127,127,127,254,0,7.5
34.600,-41.0,-6.8,70.1,3.89,-1.1,0.055,0.016,-0.978,127,127,127,127,254,0,7.5
34.800,-41.2,-7.6,69.9,3.87,-0.4,0.074,-0.118,-0.969,127,127,127,127,254,0,7.5
35.000,-41.2,-7.3,70.3,3.89,-0.7,0.050,-0.091,-0.974,127,127,127,127,254,0,7.5
35.200,-40.8,-8.0,70.5,3.84,-0.9,0.062,-0.022,-0.977,127,127,127,127,254,0,7.5
35.400,-41.1,-8.5,70.0,3.76,-1.8,0.095,-0.025,-0.975,127,127,127,127,254,0,7.5
35.600,-41.4,-8.0,69.7,3.84,-1.0,0.038,-0.035,-0.978,127,127,127,127,254,0,7.5
35.800,-41.8,-7.8,69.4,3.78,-1.1,0.159,-0.118,-0.959,127,127,127,127,254,0,7.5
36.000,-41.3,-7.7,70.4,3.81,-0.2,0.023,0.055,-0.978,127,127,127,127,254,0,7.5
36.200,-41.2,-8.7,69.8,3.74,-0.2,0.106,-0.044,-0.973,127,127,127,127,254,0,7.5
36.400,-41.4,-9.1,70.2,3.72,-1.0,0.097,-0.014,-0.975,127,127,127,127,254,0,7.5
36.600,-42.2,-8.0,71.2,3.74,-1.0,0.103,0.002,-0.974,127,127,127,127,254,0,7.5
36.800,-42.9,-8.1,71.3,3.69,-1.2,0.090,-0.035,-0.975,127,127,127,127,254,0,7.4
37.000,-43.4,-8.2,70.9,3.73,-0.7,0.117,-0.062,-0.970,127,127,127,127,254,0,7.5
37.200,-43.5,-8.4,70.8,3.71,-0.3,0.055,-0.015,-0.978,127,127,127,127,254,0,7.5
37.400,-43.0,-8.7,70.9,3.70,-1.2,0.106,-0.041,-0.973,127,127,127,127,254,0,7.4
37.600,-43.1,-8.4,71.3,3.71,-1.0,0.089,-0.032,-0.975,127,127,127,127,254,0,7.4
37.800,-43.4,-8.6,72.2,3.73,0.3,0.099,0.008,-0.974,127,127,127,127,254,0,7.4
38.000,-46.1,-8.7,72.5,3.66,-0.8,0.085,-0.080,-0.972,127,127,127,127,254,0,7.4
38.200,-46.5,-7.7,72.7,3.76,1.3,0.079,-0.024,-0.976,127,127,127,127,254,0,7.4
38.400,-46.5,-5.5,72.7,3.67,0.8,0.021,-0.061,-0.977,127,127,127,127,254,0,7.4
38.600,-46.1,-4.4,73.4,3.63,-0.8,0.049,-0.066,-0.976,127,127,127,127,254,0,7.4
38.800,-48.6,-4.6,75.0,3.60,0.8,0.041,-0.112,-0.972,127,127,127,127,254,0,7.4
39.000,-49.3,-4.7,75.7,3.56,-0.3,0.119,-0.047,-0.971,127,127,127,127,254,0,7.4
39.200,-51.3,-4.3,76.9,3.56,-0.8,0.103,-0.133,-0.965,127,127,127,127,254,0,7.4
39.400,-53.4,-3.8,76.3,3.35,-2.2,0.124,-0.439,-0.866,127,127,127,127,254,0,7.4
39.600,-53.1,-2.3,77.0,3.47,-0.6,0.029,-0.166,-0.965,127,127,127,127,254,0,7.4
39.800,-52.0,0.4,80.6,3.48,0.8,0.065,-0.012,-0.977,127,127,127,127,254,0,7.4
40.000,-47.9,1.9,82.7,3.36,-1.1,-0.110,-0.248,-0.941,127,127,127,127,254,0,7.4
40.200,-43.1,5.0,84.6,3.49,0.8,0.123,0.039,-0.971,127,127,127,127,254,0,7.4
40.400,-41.3,6.9,84.1,3.35,-1.3,0.100,0.048,-0.973,127,127,127,127,254,0,7.4
40.600,-41.5,8.8,82.9,3.36,-1.6,-0.116,0.357,-0.905,127,127,127,127,254,0,7.4
40.800,-47.9,3.0,83.6,3.41,0.3,0.067,-0.252,-0.944,127,127,127,127,254,0,7.4
41.000,-52.2,10.1,84.9,2.89,-3.6,0.430,-0.438,-0.763,127,127,127,127,254,0,7.4
41.200,-57.0,7.9,82.8,3.40,-0.7,0.229,-0.236,-0.923,127,127,127,127,254,0,7.4
41.400,-60.9,5.3,82.8,3.24,-1.2,0.050,-0.162,-0.965,127,127,127,127,254,0,7.4
41.600,-64.7,5.6,80.7,3.23,-1.1,-0.059,-0.557,-0.803,127,127,127,127,254,0,7.4
41.800,-64.3,6.7,81.4,3.36,1.2,0.048,-0.132,-0.969,127,127,127,127,254,0,7.4
42.000,-61.1,5.2,80.0,3.32,1.0,0.049,-0.307,-0.929,127,127,127,127,254,0,7.4
42.200,-58.7,5.4,80.3,3.34,1.3,0.004,-0.231,-0.952,127,127,127,127,254,0,7.4
42.400,-57.7,4.8,81.1,3.25,0.7,0.024,-0.162,-0.966,127,127,127,127,254,0,7.4
42.600,-57.3,5.0,81.4,3.21,0.7,0.097,-0.133,-0.965,127,127,127,127,254,0,7.4
42.800,-57.1,1.2,82.1,3.15,-1.0,0.162,-0.263,-0.929,127,127,127,127,254,0,7.4
43.000,-57.1,-0.8,84.5,3.13,0.2,0.168,-0.197,-0.945,127,127,127,127,254,0,7.4
43.200,-55.7,0.0,84.7,3.14,0.7,0.145,0.006,-0.969,127,127,127,127,254,0,7.4
43.400,-52.3,0.0,83.0,3.22,0.7,0.047,-0.058,-0.977,127,127,127,127,254,0,7.4
43.600,-49.8,1.9,82.1,3.24,-0.4,0.226,0.096,-0.948,127,127,127,127,254,0,7.4
43.800,-49.6,-1.6,84.3,3.06,-0.3,0.219,-0.013,-0.954,127,127,127,127,254,0,7.4
44.000,-50.7,-0.8,82.1,3.11,-1.5,0.198,0.008,-0.959,127,127,127,127,254,0,7.4
44.200,-52.8,-2.6,85.3,3.08,-0.8,0.222,-0.006,-0.954,127,127,127,127,254,0,7.4
44.400,-54.2,-2.4,82.9,3.12,-1.0,0.113,-0.067,-0.971,127,127,127,127,254,0,7.4
44.600,-55.2,-3.8,81.9,3.16,0.8,0.116,-0.058,-0.971,127,127,127,127,254,0,7.4
44.800,-54.5,-4.3,80.9,3.16,0.8,0.051,-0.095,-0.974,127,127,127,127,254,0,7.4
45.000,-54.4,-4.3,80.7,3.14,-1.0,0.007,-0.058,-0.978,127,127,127,127,254,0,7.4
45.200,-54.7,-4.5,81.3,3.08,-0.9,-0.037,-0.069,-0.976,127,127,127,127,254,0,7.4
45.400,-55.6,-5.0,81.2,3.13,0.5,-0.074,-0.108,-0.971,127,127,127,127,254,0,7.4
45.600,-57.0,-4.1,81.9,3.08,0.8,-0.093,-0.271,-0.937,127,127,127,127,254,0,7.4
45.800,-58.0,-3.2,82.3,3.08,1.4,-0.097,-0.174,-0.959,127,127,127,127,254,0,7.4
46.000,-60.1,-3.5,85.2,3.02,2.2,0.064,-0.195,-0.958,127,127,127,127,254,0,7.4
46.200,-59.6,-0.6,84.0,3.22,2.7,-0.194,-0.071,-0.957,127,127,127,127,254,0,7.4
46.400,-61.0,-6.4,84.5,2.84,-0.6,-0.013,-0.104,-0.974,127,127,127,127,254,0,7.4
46.600,-63.2,-4.3,84.8,3.21,3.0,0.052,-0.203,-0.957,127,127,127,127,254,0,7.4
46.800,-64.1,-0.7,81.6,3.29,3.1,-0.126,-0.319,-0.917,127,127,127,127,254,0,7.4
47.000,-65.4,-1.5,81.4,2.95,1.5,0.170,-0.291,-0.919,127,127,127,127,254,0,7.4
47.200,-65.3,4.5,86.1,3.32,3.7,-0.067,-0.077,-0.974,127,127,127,127,254,0,7.4
47.400,-63.8,6.6,82.8,3.41,3.9,-0.226,-0.259,-0.917,127,127,127,127,254,0,7.4
47.600,-63.4,8.1,77.0,3.15,2.1,-0.256,-0.057,-0.944,127,127,127,127,254,0,7.4
47.800,-62.5,9.0,87.6,3.48,6.6,-0.912,-0.081,-0.349,127,127,127,127,254,0,7.4
48.000,-66.1,7.8,83.6,2.48,8.5,0.160,-0.053,-0.965,127,127,127,127,254,0,7.4
48.200,-65.5,7.2,87.5,3.40,7.6,0.492,0.057,-0.845,127,127,127,127,254,0,7.4
48.400,-62.0,5.0,93.9,3.89,7.5,0.567,-0.052,-0.797,127,127,127,127,254,0,7.4
48.600,-61.0,-1.9,102.9,3.79,8.0,0.971,-0.101,-0.077,127,127,127,127,254,0,7.4
48.800,-64.3,-10.0,112.3,3.25,8.3,0.903,-0.150,-0.347,127,127,127,127,254,0,7.4
49.000,-64.9,-10.6,112.0,2.07,8.2,0.223,-0.026,-0.953,127,127,127,127,254,0,7.4
49.200,-57.0,-0.5,98.6,3.61,6.5,0.285,-0.227,0.909,127,127,127,127,254,0,7.4
49.400,-52.4,3.6,95.0,2.23,-2.8,0.076,-0.149,-0.965,127,127,127,127,254,0,7.4
49.600,-49.0,4.3,95.2,1.71,3.7,0.672,0.205,-0.682,127,127,127,127,254,0,7.4
49.800,-49.0,3.0,94.2,1.69,2.6,0.783,0.293,-0.509,127,127,127,127,254,0,7.4
50.000,-49.4,0.7,92.9,1.84,0.9,0.575,0.344,-0.714,127,127,127,127,254,0,7.4
50.200,-49.4,-1.2,91.6,1.66,1.3,0.021,0.034,-0.979,127,127,127,127,254,0,7.4
50.400,-49.5,-1.2,91.6,1.72,1.5,0.024,0.095,-0.975,127,127,127,127,254,0,7.4
50.600,-50.0,-1.1,91.6,1.73,1.6,0.000,0.095,-0.975,127,127,127,127,254,0,7.4
50.800,-50.2,-1.1,91.6,1.71,1.7,0.009,0.094,-0.975,127,127,127,127,254,0,7.4
51.000,-50.4,-1.1,91.6,1.78,1.8,0.004,0.090,-0.975,127,127,127,127,254,0,7.4
51.200,-50.7,-1.1,91.6,1.72,1.4,0.005,0.093,-0.975,127,127,127,127,254,0,7.4
51.400,-50.9,-1.1,91.6,1.77,1.5,0.009,0.092,-0.975,127,127,127,127,254,0,7.4
51.600,-50.9,-1.1,91.6,1.74,1.2,0.006,0.092,-0.975,127,127,127,127,254,0,7.4
51.800,-51.0,-1.1,91.6,1.77,1.0,0.008,0.093,-0.975,127,127,127,127,254,0,7.4
52.000,-51.2,-1.1,91.6,1.80,1.4,0.007,0.092,-0.975,127,127,127,127,254,0,7.4
52.200,-51.3,-1.1,91.6,1.81,1.3,0.008,0.095,-0.975,127,127,127,127,254,0,7.4
52.400,-51.5,-1.1,91.6,1.83,0.9,0.008,0.097,-0.975,127,127,127,127,254,0,7.4
52.600,-51.7,-1.0,91.6,1.91,1.2,0.006,0.091,-0.975,127,127,127,127,254,0,7.4
52.800,-51.9,-1.0,91.6,1.91,1.1,0.009,0.094,-0.975,127,127,127,127,254,0,7.4
53.000,-52.3,-1.0,91.6,1.93,1.5,0.007,0.086,-0.976,127,127,127,127,254,0,7.4
53.200,-52.5,-0.9,91.6,1.93,1.3,0.007,0.089,-0.975,127,127,127,127,254,0,7.4
53.400,-52.7,-0.9,91.6,1.99,1.4,0.004,0.087,-0.976,127,127,127,127,254,0,7.4
53.600,-52.9,-0.9,91.6,1.95,0.6,0.001,0.085,-0.976,127,127,127,127,254,0,7.4
53.800,-53.0,-0.9,91.6,2.04,1.6,0.007,0.089,-0.975,127,127,127,127,254,0,7.4
54.000,-53.3,-0.9,91.6,2.08,1.6,0.007,0.087,-0.976,127,127,127,127,254,0,7.4
54.200,-53.6,-0.9,91.6,2.07,1.6,0.008,0.089,-0.975,127,127,127,127,254,0,7.4
54.400,-53.7,-0.9,91.6,2.09,1.9,0.008,0.086,-0.976,127,127,127,127,254,0,7.4
54.600,-53.8,-0.9,91.6,2.15,1.5,0.007,0.090,-0.975,127,127,127,127,254,0,7.4
54.800,-54.0,-0.9,91.6,2.11,1.5,0.009,0.087,-0.976,127,127,127,127,254,0,7.4
55.000,-54.2,-0.8,91.6,2.11,1.3,0.009,0.084,-0.976,127,127,127,127,254,0,7.4
55.200,-54.2,-0.8,91.6,2.11,1.2,0.007,0.090,-0.975,127,127,127,127,254,0,7.4
55.400,-54.3,-0.8,91.6,2.07,1.3,0.006,0.083,-0.976,127,127,127,127,254,0,7.4
55.600,-54.3,-0.8,91.6,2.05,1.0,0.010,0.095,-0.975,127,127,127,127,254,0,7.4
55.800,-54.4,-0.8,91.6,2.09,1.5,0.007,0.096,-0.975,127,127,127,127,254,0,7.4
56.000,-54.7,-0.8,91.6,2.07,1.3,0.007,0.094,-0.975,127,127,127,127,254,0,7.4
56.200,-54.9,-0.8,91.6,2.12,1.3,0.006,0.091,-0.975,127,127,127,127,254,0,7.4
56.400,-55.2,-0.8,91.6,2.09,0.7,0.005,0.091,-0.975,127,127,127,127,254,0,7.4
56.600,-55.4,-0.8,91.6,2.19,2.1,0.008,0.086,-0.976,127,127,127,127,254,0,7.4
56.800,-55.7,-0.7,91.5,2.12,1.3,0.003,0.088,-0.975,127,127,127,127,254,0,7.4
57.000,-55.9,-0.7,91.5,2.15,1.5,0.008,0.084,-0.976,127,127,127,127,254,0,7.4
57.200,-56.0,-0.7,91.5,2.12,1.4,0.010,0.088,-0.975,127,127,127,127,254,0,7.4
57.400,-56.0,-0.7,91.5,2.12,1.5,0.006,0.088,-0.976,127,127,127,127,254,0,7.4
57.600,-56.2,-0.7,91.5,2.07,1.3,0.005,0.091,-0.975,127,127,127,127,254,0,7.4
57.800,-56.5,-0.7,91.5,2.06,1.2,0.007,0.080,-0.976,127,127,127,127,254,0,7.4
58.000,-56.5,-0.7,91.5,2.03,1.2,0.007,0.091,-0.975,127,127,127,127,254,0,7.4
58.200,-56.6,-0.7,91.6,2.08,1.5,0.007,0.090,-0.975,127,127,127,127,254,0,7.4
58.400,-56.6,-0.7,91.6,2.04,1.2,0.008,0.095,-0.975,127,127,127,127,254,0,7.4
58.600,-56.7,-0.7,91.6,2.02,1.5,0.005,0.092,-0.975,127,127,127,127,254,0,7.4
58.800,-57.0,-0.7,91.6,2.05,1.6,0.002,0.094,-0.975,127,127,127,127,254,0,7.4
59.000,-57.4,-0.7,91.6,2.06,1.7,0.008,0.089,-0.975,127,127,127,127,254,0,7.4
59.200,-57.8,-0.6,91.5,2.02,1.2,0.006,0.088,-0.975,127,127,127,127,254,0,7.4
59.400,-58.0,-0.6,91.5,1.98,1.3,0.007,0.085,-0.976,127,127,127,127,254,0,7.4
59.600,-58.2,-0.6,91.5,2.02,1.8,0.006,0.085,-0.976,127,127,127,127,254,0,7.4
59.800,-58.4,-0.5,91.4,1.97,2.1,0.008,0.080,-0.976,127,127,127,127,254,0,7.4
60.000,-58.5,-0.5,91.4,1.89,1.5,0.011,0.091,-0.975,127,127,127,127,254,0,7.4
60.200,-58.6,-0.4,91.4,1.82,1.5,0.005,0.098,-0.975,127,127,127,127,254,0,7.4
60.400,-58.9,-0.4,91.4,1.83,1.8,0.004,0.144,-0.969,127,127,127,127,254,0,7.4
60.600,-59.1,-0.3,91.3,1.76,1.2,0.006,0.061,-0.978,127,127,127,127,254,0,7.4
60.800,-59.3,-0.3,91.3,1.73,0.9,0.005,0.077,-0.976,127,127,127,127,254,0,7.4
61.000,-59.4,-0.2,91.3,1.68,0.5,0.004,0.090,-0.975,127,127,127,127,254,0,7.4
61.200,-59.6,-0.2,91.3,1.69,-0.9,0.004,0.089,-0.975,127,127,127,127,254,0,7.4
61.400,-59.8,-0.2,91.3,1.64,-0.8,0.004,0.091,-0.975,127,127,127,127,254,0,7.4
61.600,-60.1,-0.1,91.3,1.71,0.4,0.002,0.085,-0.976,127,127,127,127,254,0,7.4
61.800,-60.3,-0.1,91.3,1.68,-1.0,0.004,0.088,-0.976,127,127,127,127,254,0,7.4
62.000,-60.3,0.0,91.3,1.69,-0.8,0.003,0.086,-0.976,127,127,127,127,254,0,7.4
62.200,-60.5,0.0,91.3,1.82,1.7,0.003,0.088,-0.976,127,127,127,127,254,0,7.4
62.400,-60.8,0.0,91.3,1.79,1.1,0.002,0.088,-0.976,127,127,127,127,254,0,7.4
62.600,-61.0,0.0,91.3,1.77,1.0,0.003,0.088,-0.976,127,127,127,127,254,0,7.4
62.800,-61.1,0.0,91.3,1.82,1.2,0.001,0.091,-0.975,127,127,127,127,254,0,7.4
63.000,-61.3,0.0,91.3,1.77,0.6,0.000,0.085,-0.976,127,127,127,127,254,0,7.4
63.200,-61.6,0.0,91.3,1.74,-1.1,0.004,0.088,-0.975,127,127,127,127,254,0,7.4
63.400,-61.8,0.0,91.3,1.74,-0.9,-0.001,0.087,-0.976,127,127,127,127,254,0,7.4
63.600,-62.0,0.0,91.3,1.80,0.3,0.003,0.089,-0.975,127,127,127,127,254,0,7.4
63.800,-62.2,0.1,91.3,1.69,-1.1,0.005,0.090,-0.975,127,127,127,127,254,0,7.4
64.000,-62.3,0.1,91.3,1.76,-0.1,0.002,0.083,-0.976,127,127,127,127,254,0,7.4
64.200,-62.5,0.2,91.3,1.78,0.4,0.005,0.088,-0.976,127,127,127,127,254,0,7.4
64.400,-62.5,0.2,91.3,1.76,0.4,0.000,0.080,-0.976,127,127,127,127,254,0,7.4
64.600,-62.8,0.2,91.3,1.78,0.7,0.006,0.087,-0.976,127,127,127,127,254,0,7.4
64.800,-63.0,0.3,91.3,1.78,0.9,0.005,0.089,-0.975,127,127,127,127,254,0,7.4
65.000,-63.2,0.3,91.3,1.77,0.7,0.003,0.085,-0.976,127,127,127,127,254,0,7.4
65.200,-63.4,0.3,91.3,1.81,1.3,0.003,0.085,-0.976,127,127,127,127,254,0,7.4
65.400,-63.7,0.4,91.3,1.85,1.6,0.002,0.086,-0.976,127,127,127,127,254,0,7.4
65.600,-63.9,0.4,91.3,1.87,1.6,0.002,0.086,-0.976,127,127,127,127,254,0,7.4
65.800,-64.0,0.5,91.3,1.82,1.3,0.004,0.087,-0.976,127,127,127,127,254,0,7.4
66.000,-64.3,0.5,91.3,1.79,1.3,0.000,0.088,-0.976,127,127,127,127,254,0,7.4
66.200,-64.4,0.5,91.3,1.77,0.0,0.004,0.090,-0.975,127,127,127,127,254,0,7.4
66.400,-64.7,0.6,91.3,1.74,0.4,0.002,0.092,-0.975,127,127,127,127,254,0,7.4
66.600,-64.8,0.6,91.3,1.70,-0.8,0.003,0.090,-0.975,127,127,127,127,254,0,7.4
66.800,-65.1,0.6,91.3,1.76,1.0,0.004,0.082,-0.976,127,127,127,127,254,0,7.4
67.000,-65.2,0.7,91.3,1.75,1.0,0.004,0.092,-0.975,127,127,127,127,254,0,7.4
67.200,-65.4,0.7,91.3,1.70,0.6,0.005,0.086,-0.976,127,127,127,127,254,0,7.4
67.400,-65.5,0.7,91.3,1.71,0.6,0.003,0.082,-0.976,127,127,127,127,254,0,7.4
67.600,-65.7,0.7,91.3,1.68,0.8,0.005,0.088,-0.975,127,127,127,127,254,0,7.4
67.800,-65.9,0.7,91.3,1.72,1.4,0.005,0.084,-0.976,127,127,127,127,254,0,7.4
68.000,-66.0,0.8,91.3,1.69,1.3,0.006,0.086,-0.976,127,127,127,127,254,0,7.4
68.200,-66.2,0.8,91.3,1.63,1.3,0.003,0.087,-0.976,127,127,127,127,254,0,7.4
68.400,-66.5,0.9,91.3,1.54,1.7,0.000,0.081,-0.976,127,127,127,127,254,0,7.4
68.600,-66.7,0.9,91.3,1.51,1.5,0.003,0.080,-0.976,127,127,127,127,254,0,7.4
68.800,-66.8,0.9,91.3,1.42,1.3,-0.009,0.080,-0.976,127,127,127,127,254,0,7.4
69.000,-65.9,0.9,91.6,1.44,1.0,0.010,0.094,-0.975,127,127,127,127,254,0,7.4
69.200,-65.4,1.1,91.6,1.46,1.6,0.004,0.106,-0.974,127,127,127,127,254,0,7.4
69.400,-65.4,1.3,91.6,1.41,1.9,0.007,0.182,-0.962,127,127,127,127,254,0,7.4
69.600,-66.0,1.2,91.7,1.37,1.6,0.014,0.072,-0.977,127,127,127,127,254,0,7.4
69.800,-66.4,1.4,91.8,1.37,1.6,-0.001,0.153,-0.967,127,127,127,127,254,0,7.4
70.000,-66.8,1.4,91.8,1.36,1.7,0.016,0.089,-0.975,127,127,127,127,254,0,7.4
70.200,-67.0,1.4,91.9,1.34,1.7,0.005,0.112,-0.973,127,127,127,127,254,0,7.4
70.400,-66.5,1.6,92.0,1.31,1.7,0.009,0.179,-0.963,127,127,127,127,254,0,7.4
70.600,-68.3,1.4,92.3,1.47,2.4,0.011,0.082,-0.976,127,127,127,127,254,0,7.4
70.800,-69.6,1.4,92.3,1.51,2.6,0.013,0.081,-0.976,127,127,127,127,254,0,7.4
71.000,-70.5,1.4,92.9,1.67,3.3,0.030,0.065,-0.977,127,127,127,127,254,0,7.4
71.200,-71.1,1.5,93.0,1.68,3.7,0.033,0.036,-0.978,127,127,127,127,254,0,7.4
71.400,-71.2,1.8,93.2,1.77,3.6,0.032,0.088,-0.975,127,127,127,127,254,0,7.4
71.600,-74.2,2.3,92.3,1.70,2.6,0.016,-0.009,-0.979,127,127,127,127,254,0,7.4
71.800,-74.8,2.3,92.3,1.45,1.9,0.006,-0.007,-0.980,127,127,127,127,254,0,7.4
72.000,-74.9,2.3,92.3,1.44,1.7,0.009,0.020,-0.979,127,127,127,127,254,0,7.4
72.200,-75.7,2.3,92.4,1.39,1.4,0.012,-0.012,-0.979,127,127,127,127,254,0,7.4
72.400,-76.2,2.2,92.3,1.40,0.7,-0.003,-0.009,-0.980,127,127,127,127,254,0,7.4
72.600,-74.1,2.0,93.0,1.46,0.3,0.008,0.099,-0.974,127,127,127,127,254,0,7.4


